1973
 1977
 1985
 1977
 1989
 1985
 1971
 1987
 1982
 1974
 1988
 1981
 1988
 1987
 1980
 1988
 1986
 1978
 1985
 1986                                                                           
 1974                                                                           
 1989                                                                           
 1981                                                                           
 1972                                                                           
 1986                                                                           
 1980                                                                           
 1982                                                                           
 1986                                                                           
 1979                                                                           
 1969                                                                           
 1985                                                                           
 1976                                                                           
 1989                                                                           
 1981                                                                           
 1972                                                                           
 1986                                                                           
 1980                                                                           
 1987                                                                           
 1985                                                                           
 1978                                                                           
 1987                                                                           
 1984                                                                           
 1969                                                                           
 1993                                                                           
 1982                                                                           
 1976                                                                           
 1987                                                                           
 1980                                                                           
 1987                                                                           
 1985                                                                           
 1976                                                                           
 1990                                                                           
 1981                                                                           
 1972                                                                           
 1988                                                                           
 1982                                                                           
 1974                                                                           
 1987                                                                           
 1981                                                                           
 1982                                                                           
 1987                                                                           
 1979                                                                           
 1990                                                                           
 1984                                                                           
 1976                                                                           
 1988                                                                           
 1982                                                                           
 1973                                                                           
 1989                                                                           
 1981                                                                           
 1972                                                                           
 1988                                                                           
 1987                                                                           
 1973                                                                           
 1985                                                                           
 1979                                                                           
 1985                                                                           
 1984                                                                           
 1978                                                                           
 1989                                                                           
 1985                                                                           
 1958                                                                           
 1989                                                                           
 1980                                                                           
 1978                                                                           
 1988                                                                           
 1982                                                                           
 1972                                                                           
 1989                                                                           
 1985                                                                           
 1976                                                                           
 1988                                                                           
 1985                                                                           
 1976                                                                           
 1989                                                                           
 1987                                                                           
 1978                                                                           
 1990                                                                           
 1984                                                                           
 1973                                                                           
 1989                                                                           
 1984                                                                           
 1978                                                                           
 1989                                                                           
 1984                                                                           
 1974                                                                           
 1989                                                                           
 1982                                                                           
 1972                                                                           
 1987                                                                           
 1981                                                                           
 1977                                                                           
 1986                                                                           
 1978                                                                           
 1998                                                                           
 1986                                                                           
 1979                                                                           
 1989                                                                           
 1984                                                                           
 1976                                                                           
 1987                                                                           
 1985                                                                           
 1978                                                                           
 1980                                                                           
 1986                                                                           
 1980                                                                           
 1989                                                                           
 1984                                                                           
 1977                                                                           
 1990                                                                           
 1986                                                                           
 1973                                                                           
 1989                                                                           
 1984                                                                           
 1974                                                                           
 1988                                                                           
 1982                                                                           
 1976                                                                           
 1985                                                                           
 1980                                                                           
 1987                                                                           
 1985                                                                           
 1977                                                                           
 1986                                                                           
 1985                                                                           
 1979                                                                           
 1986                                                                           
 1986                                                                           
 1969                                                                           
 1998                                                                           
 1985                                                                           
 1977                                                                           
 1989                                                                           
 1982                                                                           
 1977                                                                           
 1985                                                                           
 1984                                                                           
 1973                                                                           
 1987                                                                           
 1981                                                                           
 1972                                                                           
 1989                                                                           
 1980                                                                           
 1972                                                                           
 1988                                                                           
 1980                                                                           
 1986                                                                           
 1986                                                                           
 1980                                                                           
 1990                                                                           
 1987                                                                           
 1979                                                                           
 1989                                                                           
 1989                                                                           
 1977                                                                           
 1990                                                                           
 1982                                                                           
 1973                                                                           
 1988                                                                           
 1980                                                                           
 1979                                                                           
 1986                                                                           
 1980                                                                           
 1986                                                                           
 1986                                                                           
 1984                                                                           
 1989                                                                           
 1985                                                                           
 1976                                                                           
 1989                                                                           
 1982                                                                           
 1972                                                                           
 1987                                                                           
 1982                                                                           
 1972                                                                           
 1987                                                                           
 1980                                                                           
 1987                                                                           
 1982                                                                           
 1979                                                                           
 1989                                                                           
 1984                                                                           
 1976                                                                           
 1987                                                                           
 1981                                                                           
 1976                                                                           
 1989                                                                           
 1984                                                                           
 1976                                                                           
 1988                                                                           
 1981                                                                           
 1973                                                                           
 1989                                                                           
 1982                                                                           
 1972                                                                           
 1992                                                                           
 1982                                                                           
 1977                                                                           
 1987                                                                           
 1985                                                                           
 1977                                                                           
 1993                                                                           
 1983                                                                           
 1974                                                                           
 1988                                                                           
 1981                                                                           
 1973                                                                           
 1965                                                                           
 1981                                                                           
 1964                                                                           
 1986                                                                           
 1978                                                                           
 1990                                                                           
 1984                                                                           
 1978                                                                           
 1988                                                                           
 1984                                                                           
 1977                                                                           
 1989                                                                           
 1981                                                                           
 1973                                                                           
 1988                                                                           
 1982                                                                           
 1987                                                                           
 1987                                                                           
 1979                                                                           
 1982                                                                           
 1985                                                                           
 1979                                                                           
 1989                                                                           
 1985                                                                           
 1976                                                                           
 1988                                                                           
 1982                                                                           
 1976                                                                           
 1988                                                                           
 1982                                                                           
 1976                                                                           
 1988                                                                           
 1984                                                                           
 1974                                                                           
 1988                                                                           
 1982                                                                           
 1972                                                                           
 1988                                                                           
 1980                                                                           
 1979                                                                           
 1986                                                                           
 1980                                                                           
 1979                                                                           
 1988                                                                           
 1980                                                                           
 1985                                                                           
 1986                                                                           
 1980                                                                           
 1984                                                                           
 1985                                                                           
 1979                                                                           
 1997                                                                           
 1985                                                                           
 1977                                                                           
 1988                                                                           
 1982                                                                           
 1972                                                                           
 1977                                                                           
 1984                                                                           
 1970                                                                           
 1984                                                                           
 1975                                                                           
 1988                                                                           
 1984                                                                           
 1979                                                                           
 1978                                                                           
 1984                                                                           
 1974                                                                           
 1990                                                                           
 1982                                                                           
 1974                                                                           
 1989                                                                           
 1981                                                                           
 1971                                                                           
 1987                                                                           
 1980                                                                           
 1980                                                                           
 1987                                                                           
 1981                                                                           
 1980                                                                           
 1986                                                                           
 1979                                                                           
 1980                                                                           
 1985                                                                           
 1977                                                                           
 1987                                                                           
 1985                                                                           
 1974                                                                           
 1988                                                                           
 1982                                                                           
 1977                                                                           
 1987                                                                           
 1984                                                                           
 1973                                                                           
 1986                                                                           
 1981                                                                           
 1974                                                                           
 1988                                                                           
 1979                                                                           
 1988                                                                           
 1986                                                                           
 1978                                                                           
 1990                                                                           
 1984                                                                           
 1976                                                                           
 1989                                                                           
 1984                                                                           
 1974                                                                           
 1989                                                                           
 1984                                                                           
 1976                                                                           
 1989                                                                           
 1990                                                                           
 1976                                                                           
 1988                                                                           
 1984                                                                           
 1977                                                                           
 1988                                                                           
 1984                                                                           
 1973                                                                           
 1988                                                                           
 1982                                                                           
 1975                                                                           
 1988                                                                           
 1987                                                                           
 1985                                                                           
 1992                                                                           
 1980                                                                           
 1979                                                                           
 1986                                                                           
 1980                                                                           
 1984                                                                           
 1985                                                                           
 1978                                                                           
 1989                                                                           
 1985                                                                           
 1977                                                                           
 1990                                                                           
 1982                                                                           
 1974                                                                           
 1988                                                                           
 1981                                                                           
 1973                                                                           
 1986                                                                           
 1979                                                                           
 1978                                                                           
 1986                                                                           
 1979                                                                           
 1987                                                                           
 1981                                                                           
 1978                                                                           
 1989                                                                           
 1971                                                                           
 1976                                                                           
 1987                                                                           
 1982                                                                           
 1972                                                                           
 1989                                                                           
 1978                                                                           
 1976                                                                           
 1982                                                                           
 1977                                                                           
 1999                                                                           
 1985                                                                           
 1979                                                                           
 1988                                                                           
 1985                                                                           
 1979                                                                           
 1989                                                                           
 1981                                                                           
 1977                                                                           
 1989                                                                           
 1984                                                                           
 1976                                                                           
 1988                                                                           
 1985                                                                           
 1974                                                                           
 1990                                                                           
 1977                                                                           
 1973                                                                           
 1988                                                                           
 1980                                                                           
 1977                                                                           
 1987                                                                           
 1980                                                                           
 1982                                                                           
 1985                                                                           
 1979                                                                           
 1988                                                                           
 1987                                                                           
 1980                                                                           
 1990                                                                           
 1986                                                                           
 1980                                                                           
 1981                                                                           
 1986                                                                           
 1985                                                                           
 1990                                                                           
 1984                                                                           
 1980                                                                           
 1989                                                                           
 1984                                                                           
 1977                                                                           
 1989                                                                           
 1984                                                                           
 1974                                                                           
 1988                                                                           
 1982                                                                           
 1973                                                                           
 1982                                                                           
 1982                                                                           
 1971                                                                           
 1988                                                                           
 1977                                                                           
 1976                                                                           
 1971                                                                           
 1980                                                                           
 1984                                                                           
 1986                                                                           
 1976                                                                           
 1990                                                                           
 1984                                                                           
 1979                                                                           
 1985                                                                           
 1984                                                                           
 1980                                                                           
 1987                                                                           
 1973                                                                           
 1973                                                                           
 1987                                                                           
 1982                                                                           
 1971                                                                           
 1986                                                                           
 1982                                                                           
 1982                                                                           
 1987                                                                           
 1979                                                                           
 1981                                                                           
 1988                                                                           
 1980                                                                           
 1985                                                                           
 1985                                                                           
 1979                                                                           
 1997                                                                           
 1986                                                                           
 1979                                                                           
 1985                                                                           
 1985                                                                           
 1974                                                                           
 1988                                                                           
 1982                                                                           
 1973                                                                           
 1987                                                                           
 1982                                                                           
 1972                                                                           
 1986                                                                           
 1981                                                                           
 1974                                                                           
 1987                                                                           
 1980                                                                           
 1992                                                                           
 1987                                                                           
 1982                                                                           
 1978                                                                           
 1986                                                                           
 1978                                                                           
 1985                                                                           
 1985                                                                           
 1976                                                                           
 1989                                                                           
 1985                                                                           
 1974                                                                           
 1987                                                                           
 1981                                                                           
 1973                                                                           
 1987                                                                           
 1982                                                                           
 1978                                                                           
 1987                                                                           
 1980                                                                           
 1988                                                                           
 1985                                                                           
 1978                                                                           
 1990                                                                           
 1979                                                                           
 1977                                                                           
 1994                                                                           
 1986                                                                           
 1976                                                                           
 1985                                                                           
 1984                                                                           
 1977                                                                           
 1969                                                                           
 1984                                                                           
 1964                                                                           
 1989                                                                           
 1982                                                                           
 1979                                                                           
 1993                                                                           
 1986                                                                           
 1978                                                                           
 1989                                                                           
 1989                                                                           
 1976                                                                           
 1986                                                                           
 1982                                                                           
 1974                                                                           
 1990                                                                           
 1984                                                                           
 1973                                                                           
 1989                                                                           
 1984                                                                           
 1974                                                                           
 1989                                                                           
 1985                                                                           
 1974                                                                           
 1986                                                                           
 1983                                                                           
 1979                                                                           
 1990                                                                           
 1982                                                                           
 1972                                                                           
 1987                                                                           
 1981                                                                           
 1976                                                                           
 1985                                                                           
 1979                                                                           
 1990                                                                           
 1988                                                                           
 1981                                                                           
 1980                                                                           
 1988                                                                           
 1979                                                                           
 1978                                                                           
 1984                                                                           
 1978                                                                           
 1990                                                                           
 1982                                                                           
 1977                                                                           
 1989                                                                           
 1982                                                                           
 1973                                                                           
 1987                                                                           
 1980                                                                           
 1974                                                                           
 1989                                                                           
 1982                                                                           
 1977                                                                           
 1987                                                                           
 1977                                                                           
 1996                                                                           
 1986                                                                           
 1977                                                                           
 1989                                                                           
 1984                                                                           
 1973                                                                           
 1988                                                                           
 1981                                                                           
 1972                                                                           
 1986                                                                           
 1979                                                                           
 1981                                                                           
 1986                                                                           
 1980                                                                           
 1988                                                                           
 1969                                                                           
 1980                                                                           
 1989                                                                           
 1986                                                                           
 1980                                                                           
 1988                                                                           
 1984                                                                           
 1977                                                                           
 1989                                                                           
 1983                                                                           
 1972                                                                           
 1987                                                                           
 1982                                                                           
 1974                                                                           
 1989                                                                           
 1981                                                                           
 1973                                                                           
 1986                                                                           
 1981                                                                           
 1973                                                                           
 1988                                                                           
 1984                                                                           
 1973                                                                           
 1987                                                                           
 1982                                                                           
 1976                                                                           
 1990                                                                           
 1981                                                                           
 1993                                                                           
 1987                                                                           
 1979                                                                           
 1990                                                                           
 1985                                                                           
 1981                                                                           
 1989                                                                           
 1985                                                                           
 1979                                                                           
 1989                                                                           
 1986                                                                           
 1978                                                                           
 1988                                                                           
 1986                                                                           
 1980                                                                           
 1973                                                                           
 1987                                                                           
 1981                                                                           
 1982                                                                           
 1987                                                                           
 1980                                                                           
 1990                                                                           
 1987                                                                           
 1980                                                                           
 1980                                                                           
 1985                                                                           
 1977                                                                           
 1989                                                                           
 1985                                                                           
 1978                                                                           
 1993                                                                           
 1985                                                                           
 1975                                                                           
 1966                                                                           
 1986                                                                           
 1968                                                                           
 1997                                                                           
 1965                                                                           
 1978                                                                           
 1987                                                                           
 1985                                                                           
 1958                                                                           
 1992                                                                           
 1982                                                                           
 1977                                                                           
 1989                                                                           
 1985                                                                           
 1973                                                                           
 1989                                                                           
 1983                                                                           
 1975                                                                           
 1989                                                                           
 1979                                                                           
 1976                                                                           
 1989                                                                           
 1984                                                                           
 1976                                                                           
 1988                                                                           
 1984                                                                           
 1973                                                                           
 1988                                                                           
 1982                                                                           
 1973                                                                           
 1987                                                                           
 1982                                                                           
 1971                                                                           
 1986                                                                           
 1978                                                                           
 1979                                                                           
 1985                                                                           
 1986                                                                           
 1981                                                                           
 1986                                                                           
 1981                                                                           
 1991                                                                           
 1984                                                                           
 1977                                                                           
 1988                                                                           
 1985                                                                           
 1978                                                                           
 1990                                                                           
 1982                                                                           
 1981                                                                           
 1988                                                                           
 1981                                                                           
 1982                                                                           
 1987                                                                           
 1982                                                                           
 1987                                                                           
 1986                                                                           
 1979                                                                           
 1990                                                                           
 1985                                                                           
 1979                                                                           
 1989                                                                           
 1986                                                                           
 1978                                                                           
 1995                                                                           
 1986                                                                           
 1976                                                                           
 1989                                                                           
 1983                                                                           
 1976                                                                           
 1989                                                                           
 1985                                                                           
 1974                                                                           
 1994                                                                           
 1982                                                                           
 1948                                                                           
 1986                                                                           
 1961                                                                           
 1973                                                                           
 1984                                                                           
 1977                                                                           
 1990                                                                           
 1982                                                                           
 1976                                                                           
 1989                                                                           
 1967                                                                           
 1975                                                                           
 1988                                                                           
 1984                                                                           
 1974                                                                           
 1988                                                                           
 1982                                                                           
 1973                                                                           
 1968                                                                           
 1980                                                                           
 1984                                                                           
 1986                                                                           
 1979                                                                           
 1979                                                                           
 1986                                                                           
 1977                                                                           
 1977                                                                           
 1987                                                                           
 1953                                                                           
 1989                                                                           
 1964                                                                           
 1977                                                                           
 1987                                                                           
 1984                                                                           
 1972                                                                           
 1988                                                                           
 1980                                                                           
 1981                                                                           
 1986                                                                           
 1981                                                                           
 1990                                                                           
 1986                                                                           
 1979                                                                           
 1981                                                                           
 1987                                                                           
 1980                                                                           
 1976                                                                           
 1987                                                                           
 1976                                                                           
 1990                                                                           
 1985                                                                           
 1985                                                                           
 1984                                                                           
 1987                                                                           
 1978                                                                           
 1989                                                                           
 1984                                                                           
 1979                                                                           
 1990                                                                           
 1986                                                                           
 1977                                                                           
 1989                                                                           
 1987                                                                           
 1974                                                                           
 1980                                                                           
 1988                                                                           
 1981                                                                           
 1984                                                                           
 1987                                                                           
 1981                                                                           
 1976                                                                           
 1988                                                                           
 1980                                                                           
 1974                                                                           
 1988                                                                           
 1985                                                                           
 1974                                                                           
 1992                                                                           
 1980                                                                           
 1989                                                                           
 1985                                                                           
 1980                                                                           
 1993                                                                           
 1985                                                                           
 1978                                                                           
 1989                                                                           
 1985                                                                           
 1957                                                                           
 1989                                                                           
 1966                                                                           
 1976                                                                           
 1984                                                                           
 1985                                                                           
 1974                                                                           
 1990                                                                           
 1964                                                                           
 1974                                                                           
 1963                                                                           
 1978                                                                           
 1946                                                                           
 1987                                                                           
 1961                                                                           
 1979                                                                           
 1986                                                                           
 1980                                                                           
 1986                                                                           
 1985                                                                           
 1975                                                                           
 1989                                                                           
 1984                                                                           
 1977                                                                           
 1988                                                                           
 1986                                                                           
 1979                                                                           
 1990                                                                           
 1984                                                                           
 1978                                                                           
 1987                                                                           
 1983                                                                           
 1973                                                                           
 1988                                                                           
 1980                                                                           
 1973                                                                           
 1988                                                                           
 1981                                                                           
 1972                                                                           
 1988                                                                           
 1981                                                                           
 1970                                                                           
 1987                                                                           
 1981                                                                           
 1981                                                                           
 1987                                                                           
 1979                                                                           
 1995                                                                           
 1985                                                                           
 1977                                                                           
 1988                                                                           
 1983                                                                           
 1975                                                                           
 1990                                                                           
 1982                                                                           
 1976                                                                           
 1987                                                                           
 1981                                                                           
 1969                                                                           
 1987                                                                           
 1981                                                                           
 1978                                                                           
 1987                                                                           
 1983                                                                           
 1973                                                                           
 1986                                                                           
 1979                                                                           
 1976                                                                           
 1986                                                                           
 1979                                                                           
 1989                                                                           
 1988                                                                           
 1979                                                                           
 1991                                                                           
 1984                                                                           
 1977                                                                           
 1989                                                                           
 1984                                                                           
 1974                                                                           
 1984                                                                           
 1980                                                                           
 1975                                                                           
 1986                                                                           
 1981                                                                           
 1982                                                                           
 1986                                                                           
 1979                                                                           
 1990                                                                           
 1985                                                                           
 1976                                                                           
 1990                                                                           
 1981                                                                           
 1978                                                                           
 1990                                                                           
 1984                                                                           
 1976                                                                           
 1988                                                                           
 1984                                                                           
 1975                                                                           
 1990                                                                           
 1985                                                                           
 1976                                                                           
 1989                                                                           
 1983                                                                           
 1974                                                                           
 1987                                                                           
 1981                                                                           
 1978                                                                           
 1986                                                                           
 1980                                                                           
 1974                                                                           
 1987                                                                           
 1981                                                                           
 1978                                                                           
 1986                                                                           
 1978                                                                           
 1993                                                                           
 1986                                                                           
 1977                                                                           
 1992                                                                           
 1986                                                                           
 1977                                                                           
 1988                                                                           
 1984                                                                           
 1978                                                                           
 1990                                                                           
 1983                                                                           
 1979                                                                           
 1989                                                                           
 1986                                                                           
 1979                                                                           
 1989                                                                           
 1985                                                                           
 1978                                                                           
 1989                                                                           
 1986                                                                           
 1976                                                                           
 1989                                                                           
 1982                                                                           
 1973                                                                           
 1988                                                                           
 1982                                                                           
 1952                                                                           
 1987                                                                           
 1979                                                                           
 1979                                                                           
 1987                                                                           
 1980                                                                           
 1981                                                                           
 1985                                                                           
 1976                                                                           
 1986                                                                           
 1982                                                                           
 1978                                                                           
 1987                                                                           
 1984                                                                           
 1974                                                                           
 1989                                                                           
 1981                                                                           
 1974                                                                           
 1988                                                                           
 1984                                                                           
 1973                                                                           
 1987                                                                           
 1979                                                                           
 1974                                                                           
 1986                                                                           
 1981                                                                           
 1976                                                                           
 1987                                                                           
 1978                                                                           
 1994                                                                           
 1985                                                                           
 1977                                                                           
 1988                                                                           
 1985                                                                           
 1976                                                                           
 1989                                                                           
 1984                                                                           
 1974                                                                           
 1986                                                                           
 1982                                                                           
 1977                                                                           
 1986                                                                           
 1978  